67.8454  129086  93.2966  1.12057
30.5437  81241.4 78.2547  1.00802
62.6747  79952.2 70.9197  1.65908
62.2796  139748  25.8709  6.8421
46.4527  119738  24.0294  8.74261
48.4823  95256.4 17.2433  7.14195
56.4179  67942.6 80.8945  4.95155
30.7864  99017.1 56.106  7.44115
33.1316  114650  63.0205  6.05497
60.3615  124674  76.0321  6.79743
66.0022  78658.1 94.7587  3.28704
57.8684  121643  66.4862  7.98398
34.7627  66790.1 20.0348  2.26077
39.8371  89629.6 45.6494  9.78446
44.2341  79977.7 66.7608  2.72463
63.5426  131129  86.2415  4.28126
45.4405  120451  32.7206  1.48971
51.8425  100141  41.6349  6.6467
63.9861  140497  97.1007  3.0909
42.8493  100408  26.8217  8.73328
37.8939  97178.1 59.6445  7.40268
66.6431  149521  47.1772  9.39011
32.8659  144005  55.2398  1.14765
50.2589  125561  25.0713  8.89023
28.0466  81771.9 75.964  7.43776
49.2525  99180.4 65.5283  2.80225
67.5576  101433  60.5202  1.15843
57.0595  137132  64.0781  8.29905
46.7437  127588  79.2039  5.88214
68.0733  90174.8 36.3205  7.35257
43.2391  96024.6 91.8375  6.7571
64.1732  89458.8 60.8501  8.75629
39.7221  99999.2 49.9294  8.75925
55.4327  118325  57.8393  6.05122
61.7468  148459  21.1393  6.45221
66.5651  113284  89.1415  8.4958
34.1598  97639.6 96.674  5.67344
67.2807  149904  79.0845  7.51311
38.2651  109835  42.7598  6.9041
61.0206  108023  61.6743  2.97947
34.3282  79494.5 30.4812  8.0471
40.7949  106364  24.0769  2.01033
41.9757  122029  41.5575  8.03608
45.4919  117809  56.5261  8.50248
57.0861  117972  38.7283  9.98789
53.7858  131906  19.0387  1.65501
22.8417  64655.1 38.4468  4.8631
65.8912  120446  70.4326  2.64101
42.5161  93826.2 63.7557  5.54285
26.1446  29546.6 16.2392  9.20367
36.2284  145554  91.9012  8.16033
65.6472  99416.8 10.7509  4.87644
21.0407  150471  85.4413  8.87761
54.0958  117708  33.5853  1.92412
60.1061  75925.6 36.5887  9.2529
22.8606  99916.9 60.6885  5.20217
67.4517  149288  74.0441  3.0007
59.0526  44678.7 97.9769  9.96195
57.0701  109226  96.6002  3.08473
42.3613  70081.3 16.4537  6.39664
30.5709  124067  73.7941  5.05053
38.8827  100587  97.3164  1.80359
64.6163  64280.2 25.3063  4.08067
49.3198  79360.2 49.7556  5.17313
69.5175  100612  96.6489  9.5989
53.2337  109558  89.9114  7.51228
52.3423  72763.4 40.1233  6.2756
61.5901  142870  76.4936  9.48697
25.9349  134619  91.826  5.38888
37.5294  138233  50.6505  6.24034
62.0192  88805.9 99.0563  8.1292
63.5146  141123  83.9797  4.82419
50.6263  148242  64.0202  1.76388
40.9639  149073  61.2634  6.13855
39.8824  101082  36.506  3.05476
65.1263  123453  77.3421  6.27322
48.8937  137942  36.9054  8.10417
52.9846  115203  40.1873  6.95476
66.4982  126094  63.8019  9.11729
37.5812  98432.9 84.6357  1.7384
40.9325  88217.2 95.9875  7.66294
49.6751  112544  65.4087  8.43512
59.4234  102367  59.7345  3.89251
43.9203  138255  22.3417  4.21012
52.0396  107832  60.9373  7.59063
30.7381  111298  97.3296  9.88772
57.0245  131794  69.2832  3.99615
47.0178  127573  71.9525  5.24048
63.0458  119985  33.6748  4.03677
35.6229  112358  67.9324  3.51204
42.5734  140987  23.7916  2.21334
61.8792  123446  38.9217  3.82463
68.2536  130756  42.8963  7.23704
49.3857  109834  72.5419  4.78058
38.8954  127983  56.0348  3.42096
64.7209  144693  87.2391  5.77189
50.6835  106478  79.3185  2.87371
46.4392  139487  33.4057  8.30859
33.7276  99341.2 88.0176  5.57282
68.5063  116649  51.2609  4.67345
61.3206  131642  65.4371  1.9912
42.9983  140073  29.0687  8.56213
35.8692  120567  40.7306  1.21894
50.7263  124938  52.8694  4.69106
47.6831  109738  93.5724  7.91582
62.9407  116084  34.6758  3.11092
57.9281  122938  25.6674  9.12171
63.4206  127455  84.5098  2.12136
41.2837  130599  90.1475  2.12136
56.7291  128947  38.9512  6.44109
53.2178  114367  62.4938  8.73012
39.8301  120983  75.6417  4.88763
67.2914  122839  47.3275  7.22895
48.1947  105739  55.8436  2.11948
36.5782  125987  83.6741  6.99127
60.1273  119346  48.9634  8.26837
49.8763  137693  26.5183  3.44862
64.0372  118552  54.3792  6.88413
58.3826  133978  41.6729  5.21965
44.9261  102638  70.9742  9.01874
37.5216  116789  68.3985  7.66931
61.3298  130357  32.8745  4.99265
47.2693  136895  85.7492  9.31147
69.3481  121439  48.6719  5.33981
55.7823  124569  58.3496  2.19875
52.6398  135789  31.2578  7.11948
63.8921  122368  44.3285  8.93712
43.7692  127893  75.0194  5.11962
59.4273  130986  38.6715  3.98271
36.2781  133574  81.3267  7.11349
68.1249  117935  49.2315  4.67231
55.9647  113298  69.2154  6.22438
47.8956  138297  45.7813  8.91042
32.6792  121563  77.3692  6.21872
57.2873  125982  55.3781  3.81256
46.9247  133094  39.2374  7.61824
67.8454  129086  93.2966  1.12057
30.5437  81241.4 78.2547  1.00802
62.6747  79952.2 70.9197  1.65908
62.2796  139748  25.8709  6.8421
46.4527  119738  24.0294  8.74261
48.4823  95256.4 17.2433  7.14195
56.4179  67942.6 80.8945  4.95155
30.7864  99017.1 56.106  7.44115
33.1316  114650  63.0205  6.05497
60.3615  124674  76.0321  6.79743
66.0022  78658.1 94.7587  3.28704
57.8684  121643  66.4862  7.98398
34.7627  66790.1 20.0348  2.26077
39.8371  89629.6 45.6494  9.78446
44.2341  79977.7 66.7608  2.72463
63.5426  131129  86.2415  4.28126
45.4405  120451  32.7206  1.48971
51.8425  100141  41.6349  6.6467
63.9861  140497  97.1007  3.0909
42.8493  100408  26.8217  8.73328
37.8939  97178.1 59.6445  7.40268
66.6431  149521  47.1772  9.39011
32.8659  144005  55.2398  1.14765
50.2589  125561  25.0713  8.89023
28.0466  81771.9 75.964  7.43776
49.2525  99180.4 65.5283  2.80225
67.5576  101433  60.5202  1.15843
57.0595  137132  64.0781  8.29905
46.7437  127588  79.2039  5.88214
68.0733  90174.8 36.3205  7.35257
43.2391  96024.6 91.8375  6.7571
64.1732  89458.8 60.8501  8.75629
39.7221  99999.2 49.9294  8.75925
55.4327  118325  57.8393  6.05122
61.7468  148459  21.1393  6.45221
66.5651  113284  89.1415  8.4958
34.1598  97639.6 96.674  5.67344
67.2807  149904  79.0845  7.51311
38.2651  109835  42.7598  6.9041
61.0206  108023  61.6743  2.97947
34.3282  79494.5 30.4812  8.0471
40.7949  106364  24.0769  2.01033
41.9757  122029  41.5575  8.03608
45.4919  117809  56.5261  8.50248
57.0861  117972  38.7283  9.98789
53.7858  131906  19.0387  1.65501
22.8417  64655.1 38.4468  4.8631
65.8912  120446  70.4326  2.64101
42.5161  93826.2 63.7557  5.54285
26.1446  29546.6 16.2392  9.20367
36.2284  145554  91.9012  8.16033
65.6472  99416.8 10.7509  4.87644
21.0407  150471  85.4413  8.87761
54.0958  117708  33.5853  1.92412
60.1061  75925.6 36.5887  9.2529
22.8606  99916.9 60.6885  5.20217
67.4517  149288  74.0441  3.0007
59.0526  44678.7 97.9769  9.96195
57.0701  109226  96.6002  3.08473
42.3613  70081.3 16.4537  6.39664
30.5709  124067  73.7941  5.05053
38.8827  100587  97.3164  1.80359
64.6163  64280.2 25.3063  4.08067
49.3198  79360.2 49.7556  5.17313
69.5175  100612  96.6489  9.5989
53.2337  109558  89.9114  7.51228
52.3423  72763.4 40.1233  6.2756
61.5901  142870  76.4936  9.48697
25.9349  134619  91.826  5.38888
37.5294  138233  50.6505  6.24034
62.0192  88805.9 99.0563  8.1292
63.5146  141123  83.9797  4.82419
50.6263  148242  64.0202  1.76388
40.9639  149073  61.2634  6.13855
39.8824  101082  36.506  3.05476
65.1263  123453  77.3421  6.27322
48.8937  137942  36.9054  8.10417
52.9846  115203  40.1873  6.95476
66.4982  126094  63.8019  9.11729
37.5812  98432.9 84.6357  1.7384
40.9325  88217.2 95.9875  7.66294
49.6751  112544  65.4087  8.43512
59.4234  102367  59.7345  3.89251
43.9203  138255  22.3417  4.21012
52.0396  107832  60.9373  7.59063
30.7381  111298  97.3296  9.88772
57.0245  131794  69.2832  3.99615
47.0178  127573  71.9525  5.24048
63.0458  119985  33.6748  4.03677
35.6229  112358  67.9324  3.51204
42.5734  140987  23.7916  2.21334
61.8792  123446  38.9217  3.82463
68.2536  130756  42.8963  7.23704
49.3857  109834  72.5419  4.78058
38.8954  127983  56.0348  3.42096
64.7209  144693  87.2391  5.77189
50.6835  106478  79.3185  2.87371
46.4392  139487  33.4057  8.30859
33.7276  99341.2 88.0176  5.57282
68.5063  116649  51.2609  4.67345
61.3206  131642  65.4371  1.9912
42.9983  140073  29.0687  8.56213
35.8692  120567  40.7306  1.21894
50.7263  124938  52.8694  4.69106
47.6831  109738  93.5724  7.91582
62.9407  116084  34.6758  3.11092
57.9281  122938  25.6674  9.12171
63.4206  127455  84.5098  2.12136
41.2837  130599  90.1475  2.12136
56.7291  128947  38.9512  6.44109
53.2178  114367  62.4938  8.73012
39.8301  120983  75.6417  4.88763
67.2914  122839  47.3275  7.22895
48.1947  105739  55.8436  2.11948
36.5782  125987  83.6741  6.99127
60.1273  119346  48.9634  8.26837
49.8763  137693  26.5183  3.44862
64.0372  118552  54.3792  6.88413
58.3826  133978  41.6729  5.21965
44.9261  102638  70.9742  9.01874
37.5216  116789  68.3985  7.66931
61.3298  130357  32.8745  4.99265
47.2693  136895  85.7492  9.31147
69.3481  121439  48.6719  5.33981
55.7823  124569  58.3496  2.19875
52.6398  135789  31.2578  7.11948
63.8921  122368  44.3285  8.93712
43.7692  127893  75.0194  5.11962
59.4273  130986  38.6715  3.98271
36.2781  133574  81.3267  7.11349
68.1249  117935  49.2315  4.67231
55.9647  113298  69.2154  6.22438
47.8956  138297  45.7813  8.91042
32.6792  121563  77.3692  6.21872
57.2873  125982  55.3781  3.81256
46.9247  133094  39.2374  7.61824
69.1472  126893  42.3764  9.82714
51.6928  130759  54.1375  1.22438
62.1387  114276  49.3218  6.00943
39.8437  119572  72.9831  7.89623
67.8454  129086  93.2966  1.12057
30.5437  81241.4 78.2547  1.00802
62.6747  79952.2 70.9197  1.65908
62.2796  139748  25.8709  6.8421
46.4527  119738  24.0294  8.74261
48.4823  95256.4 17.2433  7.14195
56.4179  67942.6 80.8945  4.95155
30.7864  99017.1 56.106  7.44115
33.1316  114650  63.0205  6.05497
60.3615  124674  76.0321  6.79743
66.0022  78658.1 94.7587  3.28704
57.8684  121643  66.4862  7.98398
34.7627  66790.1 20.0348  2.26077
39.8371  89629.6 45.6494  9.78446
44.2341  79977.7 66.7608  2.72463
63.5426  131129  86.2415  4.28126
45.4405  120451  32.7206  1.48971
51.8425  100141  41.6349  6.6467
63.9861  140497  97.1007  3.0909
42.8493  100408  26.8217  8.73328
37.8939  97178.1 59.6445  7.40268
66.6431  149521  47.1772  9.39011
32.8659  144005  55.2398  1.14765
50.2589  125561  25.0713  8.89023
28.0466  81771.9 75.964  7.43776
49.2525  99180.4 65.5283  2.80225
67.5576  101433  60.5202  1.15843
57.0595  137132  64.0781  8.29905
46.7437  127588  79.2039  5.88214
68.0733  90174.8 36.3205  7.35257
43.2391  96024.6 91.8375  6.7571
64.1732  89458.8 60.8501  8.75629
39.7221  99999.2 49.9294  8.75925
55.4327  118325  57.8393  6.05122
61.7468  148459  21.1393  6.45221
66.5651  113284  89.1415  8.4958
34.1598  97639.6 96.674  5.67344
67.2807  149904  79.0845  7.51311
38.2651  109835  42.7598  6.9041
61.0206  108023  61.6743  2.97947
34.3282  79494.5 30.4812  8.0471
40.7949  106364  24.0769  2.01033
41.9757  122029  41.5575  8.03608
45.4919  117809  56.5261  8.50248
57.0861  117972  38.7283  9.98789
53.7858  131906  19.0387  1.65501
22.8417  64655.1 38.4468  4.8631
65.8912  120446  70.4326  2.64101
42.5161  93826.2 63.7557  5.54285
26.1446  29546.6 16.2392  9.20367
36.2284  145554  91.9012  8.16033
65.6472  99416.8 10.7509  4.87644
21.0407  150471  85.4413  8.87761
54.0958  117708  33.5853  1.92412
60.1061  75925.6 36.5887  9.2529
22.8606  99916.9 60.6885  5.20217
67.4517  149288  74.0441  3.0007
59.0526  44678.7 97.9769  9.96195
57.0701  109226  96.6002  3.08473
42.3613  70081.3 16.4537  6.39664
30.5709  124067  73.7941  5.05053
38.8827  100587  97.3164  1.80359
64.6163  64280.2 25.3063  4.08067
49.3198  79360.2 49.7556  5.17313
69.5175  100612  96.6489  9.5989
53.2337  109558  89.9114  7.51228
52.3423  72763.4 40.1233  6.2756
61.5901  142870  76.4936  9.48697
25.9349  134619  91.826  5.38888
37.5294  138233  50.6505  6.24034
62.0192  88805.9 99.0563  8.1292
63.5146  141123  83.9797  4.82419
50.6263  148242  64.0202  1.76388
40.9639  149073  61.2634  6.13855
39.8824  101082  36.506  3.05476
65.1263  123453  77.3421  6.27322
48.8937  137942  36.9054  8.10417
52.9846  115203  40.1873  6.95476
66.4982  126094  63.8019  9.11729
37.5812  98432.9 84.6357  1.7384
40.9325  88217.2 95.9875  7.66294
49.6751  112544  65.4087  8.43512
59.4234  102367  59.7345  3.89251
43.9203  138255  22.3417  4.21012
52.0396  107832  60.9373  7.59063
30.7381  111298  97.3296  9.88772
57.0245  131794  69.2832  3.99615
47.0178  127573  71.9525  5.24048
63.0458  119985  33.6748  4.03677
35.6229  112358  67.9324  3.51204
42.5734  140987  23.7916  2.21334
61.8792  123446  38.9217  3.82463
68.2536  130756  42.8963  7.23704
49.3857  109834  72.5419  4.78058
38.8954  127983  56.0348  3.42096
64.7209  144693  87.2391  5.77189
50.6835  106478  79.3185  2.87371
46.4392  139487  33.4057  8.30859
33.7276  99341.2 88.0176  5.57282
68.5063  116649  51.2609  4.67345
61.3206  131642  65.4371  1.9912
42.9983  140073  29.0687  8.56213
35.8692  120567  40.7306  1.21894
50.7263  124938  52.8694  4.69106
47.6831  109738  93.5724  7.91582
62.9407  116084  34.6758  3.11092
57.9281  122938  25.6674  9.12171
63.4206  127455  84.5098  2.12136
41.2837  130599  90.1475  2.12136
56.7291  128947  38.9512  6.44109
53.2178  114367  62.4938  8.73012
39.8301  120983  75.6417  4.88763
67.2914  122839  47.3275  7.22895
48.1947  105739  55.8436  2.11948
36.5782  125987  83.6741  6.99127
60.1273  119346  48.9634  8.26837
49.8763  137693  26.5183  3.44862
64.0372  118552  54.3792  6.88413
58.3826  133978  41.6729  5.21965
44.9261  102638  70.9742  9.01874
37.5216  116789  68.3985  7.66931
61.3298  130357  32.8745  4.99265
47.2693  136895  85.7492  9.31147
69.3481  121439  48.6719  5.33981
55.7823  124569  58.3496  2.19875
52.6398  135789  31.2578  7.11948
63.8921  122368  44.3285  8.93712
43.7692  127893  75.0194  5.11962
59.4273  130986  38.6715  3.98271
36.2781  133574  81.3267  7.11349
68.1249  117935  49.2315  4.67231
55.9647  113298  69.2154  6.22438
47.8956  138297  45.7813  8.91042
32.6792  121563  77.3692  6.21872
57.2873  125982  55.3781  3.81256
46.9247  133094  39.2374  7.61824
69.1472  126893  42.3764  9.82714
51.6928  130759  54.1375  1.22438
62.1387  114276  49.3218  6.00943
39.8437  119572  72.9831  7.89623
67.8454  129086  93.2966  1.12057
30.5437  81241.4 78.2547  1.00802
62.6747  79952.2 70.9197  1.65908
62.2796  139748  25.8709  6.8421
46.4527  119738  24.0294  8.74261
48.4823  95256.4 17.2433  7.14195
56.4179  67942.6 80.8945  4.95155
30.7864  99017.1 56.106  7.44115
33.1316  114650  63.0205  6.05497
60.3615  124674  76.0321  6.79743
66.0022  78658.1 94.7587  3.28704
57.8684  121643  66.4862  7.98398
34.7627  66790.1 20.0348  2.26077
39.8371  89629.6 45.6494  9.78446
44.2341  79977.7 66.7608  2.72463
63.5426  131129  86.2415  4.28126
45.4405  120451  32.7206  1.48971
51.8425  100141  41.6349  6.6467
63.9861  140497  97.1007  3.0909
42.8493  100408  26.8217  8.73328
37.8939  97178.1 59.6445  7.40268
66.6431  149521  47.1772  9.39011
32.8659  144005  55.2398  1.14765
50.2589  125561  25.0713  8.89023
28.0466  81771.9 75.964  7.43776
49.2525  99180.4 65.5283  2.80225
67.5576  101433  60.5202  1.15843
57.0595  137132  64.0781  8.29905
46.7437  127588  79.2039  5.88214
68.0733  90174.8 36.3205  7.35257
43.2391  96024.6 91.8375  6.7571
64.1732  89458.8 60.8501  8.75629
39.7221  99999.2 49.9294  8.75925
55.4327  118325  57.8393  6.05122
61.7468  148459  21.1393  6.45221
66.5651  113284  89.1415  8.4958
34.1598  97639.6 96.674  5.67344
67.2807  149904  79.0845  7.51311
38.2651  109835  42.7598  6.9041
61.0206  108023  61.6743  2.97947
34.3282  79494.5 30.4812  8.0471
40.7949  106364  24.0769  2.01033
41.9757  122029  41.5575  8.03608
45.4919  117809  56.5261  8.50248
57.0861  117972  38.7283  9.98789
53.7858  131906  19.0387  1.65501
22.8417  64655.1 38.4468  4.8631
65.8912  120446  70.4326  2.64101
42.5161  93826.2 63.7557  5.54285
26.1446  29546.6 16.2392  9.20367
36.2284  145554  91.9012  8.16033
65.6472  99416.8 10.7509  4.87644
21.0407  150471  85.4413  8.87761
54.0958  117708  33.5853  1.92412
60.1061  75925.6 36.5887  9.2529
22.8606  99916.9 60.6885  5.20217
67.4517  149288  74.0441  3.0007
59.0526  44678.7 97.9769  9.96195
57.0701  109226  96.6002  3.08473
42.3613  70081.3 16.4537  6.39664
30.5709  124067  73.7941  5.05053
38.8827  100587  97.3164  1.80359
64.6163  64280.2 25.3063  4.08067
49.3198  79360.2 49.7556  5.17313
69.5175  100612  96.6489  9.5989
53.2337  109558  89.9114  7.51228
52.3423  72763.4 40.1233  6.2756
61.5901  142870  76.4936  9.48697
25.9349  134619  91.826  5.38888
37.5294  138233  50.6505  6.24034
62.0192  88805.9 99.0563  8.1292
63.5146  141123  83.9797  4.82419
50.6263  148242  64.0202  1.76388
40.9639  149073  61.2634  6.13855
39.8824  101082  36.506  3.05476
65.1263  123453  77.3421  6.27322
48.8937  137942  36.9054  8.10417
52.9846  115203  40.1873  6.95476
66.4982  126094  63.8019  9.11729
37.5812  98432.9 84.6357  1.7384
40.9325  88217.2 95.9875  7.66294
49.6751  112544  65.4087  8.43512
59.4234  102367  59.7345  3.89251
43.9203  138255  22.3417  4.21012
52.0396  107832  60.9373  7.59063
30.7381  111298  97.3296  9.88772
57.0245  131794  69.2832  3.99615
47.0178  127573  71.9525  5.24048
63.0458  119985  33.6748  4.03677
35.6229  112358  67.9324  3.51204
42.5734  140987  23.7916  2.21334
61.8792  123446  38.9217  3.82463
68.2536  130756  42.8963  7.23704
49.3857  109834  72.5419  4.78058
38.8954  127983  56.0348  3.42096
64.7209  144693  87.2391  5.77189
50.6835  106478  79.3185  2.87371
46.4392  139487  33.4057  8.30859
33.7276  99341.2 88.0176  5.57282
68.5063  116649  51.2609  4.67345
61.3206  131642  65.4371  1.9912
42.9983  140073  29.0687  8.56213
35.8692  120567  40.7306  1.21894
50.7263  124938  52.8694  4.69106
47.6831  109738  93.5724  7.91582
62.9407  116084  34.6758  3.11092
57.9281  122938  25.6674  9.12171
63.4206  127455  84.5098  2.12136
41.2837  130599  90.1475  2.12136
56.7291  128947  38.9512  6.44109
53.2178  114367  62.4938  8.73012
39.8301  120983  75.6417  4.88763
67.2914  122839  47.3275  7.22895
48.1947  105739  55.8436  2.11948
36.5782  125987  83.6741  6.99127
60.1273  119346  48.9634  8.26837
49.8763  137693  26.5183  3.44862
64.0372  118552  54.3792  6.88413
58.3826  133978  41.6729  5.21965
44.9261  102638  70.9742  9.01874
37.5216  116789  68.3985  7.66931
61.3298  130357  32.8745  4.99265
47.2693  136895  85.7492  9.31147
69.3481  121439  48.6719  5.33981
55.7823  124569  58.3496  2.19875
52.6398  135789  31.2578  7.11948
63.8921  122368  44.3285  8.93712
43.7692  127893  75.0194  5.11962
59.4273  130986  38.6715  3.98271
36.2781  133574  81.3267  7.11349
68.1249  117935  49.2315  4.67231
55.9647  113298  69.2154  6.22438
47.8956  138297  45.7813  8.91042
32.6792  121563  77.3692  6.21872
57.2873  125982  55.3781  3.81256
46.9247  133094  39.2374  7.61824
69.1472  126893  42.3764  9.82714
51.6928  130759  54.1375  1.22438
62.1387  114276  49.3218  6.00943
39.8437  119572  72.9831  7.89623
67.8454  129086  93.2966  1.12057
30.5437  81241.4 78.2547  1.00802
62.6747  79952.2 70.9197  1.65908
62.2796  139748  25.8709  6.8421
46.4527  119738  24.0294  8.74261
48.4823  95256.4 17.2433  7.14195
56.4179  67942.6 80.8945  4.95155
30.7864  99017.1 56.106  7.44115
33.1316  114650  63.0205  6.05497
60.3615  124674  76.0321  6.79743
66.0022  78658.1 94.7587  3.28704
57.8684  121643  66.4862  7.98398
34.7627  66790.1 20.0348  2.26077
39.8371  89629.6 45.6494  9.78446
44.2341  79977.7 66.7608  2.72463
63.5426  131129  86.2415  4.28126
45.4405  120451  32.7206  1.48971
51.8425  100141  41.6349  6.6467
63.9861  140497  97.1007  3.0909
42.8493  100408  26.8217  8.73328
37.8939  97178.1 59.6445  7.40268
66.6431  149521  47.1772  9.39011
32.8659  144005  55.2398  1.14765
50.2589  125561  25.0713  8.89023
28.0466  81771.9 75.964  7.43776
49.2525  99180.4 65.5283  2.80225
67.5576  101433  60.5202  1.15843
57.0595  137132  64.0781  8.29905
46.7437  127588  79.2039  5.88214
68.0733  90174.8 36.3205  7.35257
43.2391  96024.6 91.8375  6.7571
64.1732  89458.8 60.8501  8.75629
39.7221  99999.2 49.9294  8.75925
55.4327  118325  57.8393  6.05122
61.7468  148459  21.1393  6.45221
66.5651  113284  89.1415  8.4958
34.1598  97639.6 96.674  5.67344
67.2807  149904  79.0845  7.51311
38.2651  109835  42.7598  6.9041
61.0206  108023  61.6743  2.97947
34.3282  79494.5 30.4812  8.0471
40.7949  106364  24.0769  2.01033
41.9757  122029  41.5575  8.03608
45.4919  117809  56.5261  8.50248
57.0861  117972  38.7283  9.98789
53.7858  131906  19.0387  1.65501
22.8417  64655.1 38.4468  4.8631
65.8912  120446  70.4326  2.64101
42.5161  93826.2 63.7557  5.54285
26.1446  29546.6 16.2392  9.20367
36.2284  145554  91.9012  8.16033
65.6472  99416.8 10.7509  4.87644
21.0407  150471  85.4413  8.87761
54.0958  117708  33.5853  1.92412
60.1061  75925.6 36.5887  9.2529
22.8606  99916.9 60.6885  5.20217
67.4517  149288  74.0441  3.0007
59.0526  44678.7 97.9769  9.96195
57.0701  109226  96.6002  3.08473
42.3613  70081.3 16.4537  6.39664
30.5709  124067  73.7941  5.05053
38.8827  100587  97.3164  1.80359
64.6163  64280.2 25.3063  4.08067
49.3198  79360.2 49.7556  5.17313
69.5175  100612  96.6489  9.5989
53.2337  109558  89.9114  7.51228
52.3423  72763.4 40.1233  6.2756
61.5901  142870  76.4936  9.48697
25.9349  134619  91.826  5.38888
37.5294  138233  50.6505  6.24034
62.0192  88805.9 99.0563  8.1292
63.5146  141123  83.9797  4.82419
50.6263  148242  64.0202  1.76388
40.9639  149073  61.2634  6.13855
39.8824  101082  36.506  3.05476
65.1263  123453  77.3421  6.27322
48.8937  137942  36.9054  8.10417
52.9846  115203  40.1873  6.95476
66.4982  126094  63.8019  9.11729
37.5812  98432.9 84.6357  1.7384
40.9325  88217.2 95.9875  7.66294
49.6751  112544  65.4087  8.43512
59.4234  102367  59.7345  3.89251
43.9203  138255  22.3417  4.21012
52.0396  107832  60.9373  7.59063
30.7381  111298  97.3296  9.88772
57.0245  131794  69.2832  3.99615
47.0178  127573  71.9525  5.24048
63.0458  119985  33.6748  4.03677
35.6229  112358  67.9324  3.51204
42.5734  140987  23.7916  2.21334
61.8792  123446  38.9217  3.82463
68.2536  130756  42.8963  7.23704
49.3857  109834  72.5419  4.78058
38.8954  127983  56.0348  3.42096
64.7209  144693  87.2391  5.77189
50.6835  106478  79.3185  2.87371
46.4392  139487  33.4057  8.30859
33.7276  99341.2 88.0176  5.57282
68.5063  116649  51.2609  4.67345
61.3206  131642  65.4371  1.9912
42.9983  140073  29.0687  8.56213
35.8692  120567  40.7306  1.21894
50.7263  124938  52.8694  4.69106
47.6831  109738  93.5724  7.91582
62.9407  116084  34.6758  3.11092
57.9281  122938  25.6674  9.12171
63.4206  127455  84.5098  2.12136
41.2837  130599  90.1475  2.12136
56.7291  128947  38.9512  6.44109
53.2178  114367  62.4938  8.73012
39.8301  120983  75.6417  4.88763
67.2914  122839  47.3275  7.22895
48.1947  105739  55.8436  2.11948
36.5782  125987  83.6741  6.99127
60.1273  119346  48.9634  8.26837
49.8763  137693  26.5183  3.44862
64.0372  118552  54.3792  6.88413
58.3826  133978  41.6729  5.21965
44.9261  102638  70.9742  9.01874
37.5216  116789  68.3985  7.66931
61.3298  130357  32.8745  4.99265
47.2693  136895  85.7492  9.31147
69.3481  121439  48.6719  5.33981
55.7823  124569  58.3496  2.19875
52.6398  135789  31.2578  7.11948
63.8921  122368  44.3285  8.93712
43.7692  127893  75.0194  5.11962
59.4273  130986  38.6715  3.98271
36.2781  133574  81.3267  7.11349
68.1249  117935  49.2315  4.67231
55.9647  113298  69.2154  6.22438
47.8956  138297  45.7813  8.91042
32.6792  121563  77.3692  6.21872
57.2873  125982  55.3781  3.81256
46.9247  133094  39.2374  7.61824
69.1472  126893  42.3764  9.82714
51.6928  130759  54.1375  1.22438
62.1387  114276  49.3218  6.00943
39.8437  119572  72.9831  7.89623
69.1472  126893  42.3764  9.82714
51.6928  130759  54.1375  1.22438
62.1387  114276  49.3218  6.00943
39.8437  119572  72.9831  7.89623