       76      11           30       57
       65      99           26       86
       70      14           71       95
       19      50           13       54
       57      54           35       18
       19      53           64        3
       46      57           30       56
       62      97           32       58
       59      45           33       10
       82       9           76        7
       72      11            4       80
       46      11           92       49
       77      71           53       85
       24      88           85       26
       31     100           47       76
       19      94            8       35
       76      51           54       57
       38      19           96       65
       57      21           85       32
       48      42           16       32
       93      50           60       94
       89      68           79       22
       27      41           44       45
       39      77           97       52
       99       4           69       23
       40      17           65       87
       14      40           90       44
       64      17          100       14
       78      75           80       99
       67      64           68       79
      100      44           35       76
       17      56           26       44
      100       5           77       51
       49      48           29       91
       91      63           78       29
        2      50            3       18
       99      99           43       84
       42      66            3       98
       94      23           61       68
        1      66           24       80
       96      16           52       56
       78      77            6       10
       20      15           59        5
       40      97           20        6
       54      79           66       59
       62      20           59       32
       18      53           21       84
       73      97           74       63
       55      64           70       78
       36      57            9       42
       54      88           94       66
        2      35           69       20
       29      74            2       53
       54      64           42       37
       57      76           32       13
       14      87           78       33
       86      16           38       91
       63      76           22       12
       14      63           41       10
       31      48           71       43
        4      31           58       30
       91      23           65       18
       81      43           31       88
       82      45           47       72
       67      58           21       86
       75      52           84       16
        8      85           22        3
       94      78           61       67
       91       7           21       15
 91    96    98   82
  5    44    64   51
 27    87    87   82
 89    24     7   13
100    95    62   11
 82     9    94   57
 65    70     4   34
  8    81    60   30
 95    34    86   80
 89     2    83   13
 86    61    91    4
 41    18    21   46
 88    39    26   58
  2     3    51   41
 73    13     1   74
 60   100    87   49
 47    75    55   76
 88     5    94   53
  7    91    95   76
 88    88    29   27
 97    94    96    7
 90    15    73   80
 61    74    66   99
 50    27    94   62
  5     5     5   80
 81    72    14   70
 76    79    14   33
 74    98    85   96
 49    26    84   83
 71    85    10   19
 10    58    23   14
 31    62    49   56
 67     9    61   63
 18    22    32   10
 65    23    92   63
 59    14    30   99
 32    97    25    8
 48    89    65    6
 23    15    75   89
 56    13    54   29
 25     8    67   59
 89     6    53   64
 28    80    37   43
 45    25     7    8
 42    28     5   94
 63    75    39    8
 65    99    72   31
  8    25    83   73
  8    19    79   87
 92    72    35   27
 48    53    62   74
 79    30    86   35
 11    15    96   26
 89    85    68    4
 55    51    76   94
 96   100    27   13
 41    80    61   84
 13    18   100   90
 27     9     4   60
  7    21    66   64
  4    29    32    2
 90    53    46   38
 76    63     7   61
 15    72    47   79
 57    62     2   77
 64    75    79   75
 73    29    66   28
 27    45    88    3
 40     3    56   82
 65    40    72   74
60   75   70    31
27   71    69    99
26   47     6    83
35   68     5    15
54    6    94    80
 7   77     5     7
41   86     4    42
84   13    76    54
93   92    71    54
80   87    82    53
33    5    15    45
33   12    63    83
29   85    54    38
91   26    62    60
34   30    16    12
54   21    20    60
44    5    51    39
97   72     7    27
62   44    14    98
67   29    22    47
97   24    91    99
24    1    16    28
75   58    51    55
22   68    47    35
31   30    24    35
78   55    40    34
93   57    90    83
40   85     5    10
47   33    84    81
71   59     2    72
16   62    68   100
39   12    40    58
62   14    83    69
13   92    70    49
82   38    86    37
40   38    84    82
50   71    47    93
24   91    72    22
79    8    31    56
67   71    98    54
67   84    29    99
35   10    85    35
91   75    47    27
30   42    83    87
48   42     2    27
73   76    26    45
 3   45    88    49
27    1    85    32
 5   65    13    19
77   63     1    95
51    3     6    30
18   82    34    36
68   98    53    82
33   51    78    83
47   85    63    21
 4   63   100    73
76   88     9    21
21    9    28    53
61   25    30    86
61   43    14    27
83    9    95    43
10   68    84     3
28    7    68    98
77   95    11    62
48   71    65    40
28   57    18    97
20   85     5    33
98   46    50    82
91   53    99    75
48   54    78    71
33     5   12   25
58    14   27    81
78    46   77    27
14    43   91    19
78    60   88    27
78    63   15    66
 8    68   86    75
20     2   78    11
17    39    8    74
16    12   16    96
99    36   12    40
12    97   40    95
15   100   56    58
79    77   76    69
38    95   89    56
93    11   44    78
76    79   93    93
32    70   55    31
33    87   13    32
78    45   18    43
32    40   79    74
30     9    9    54
23    20   15    10
 8     5   54    67
10    42   96    66
 5    99   24    40
46    77   81    45
69    14   69    83
14    20   90    52
41    13   18     5
56    65   34    13
 9     8   52    76
 8    41   41    78
78    33   91    42
14    63   32    68
60    48   71    27
58     8   78    77
84    83   92    26
24    36    9    70
73    20   96    54
21    37   47    11
97    17   41    90
76    59    5    56
69    36   53    81
38    31   89    77
39    38   52     5
31    68    9    28
25    97   46    24
48    92   31    50
99    11   33    83
29    80   61    78
64     9   42    90
80    25   46    20
72    53   94    96
99    16   43    97
75    28   86    99
 4    68    2    25
 6    25   16    30
81    78   69    63
 9    79   70    29
96    78   31    18
84    70   20    34
22    81   21    36
53    95   86    37
70    95   56   100
 6    19   11    72
75    58    9    42
13    91   87    64
 5     6   79    64
86   12   86   39
80    2   11    8
74   45   70   59
96   13    5   47
21   78   26   43
44   68   32   54
48   76   11   17
81   12   41   25
39   87   67   13
48   82   60   17
33   76   22   75
74   51   37   14
82   91   62   69
51   48   65   96
 4   60   77   31
38   65   13   31
15   99   77   86
62   83   20   76
54   12   73   30
27   97    2   57
50   31   33   96
83    9   90   41
50   80   33   66
52   83   18   83
71   40   24   46
56   66   88   79
73   30   12   93
52   39   43   76
45   36   45   72
38   56   50   22
47   57   51   62
18   13   64   84
 7   96   73   67
37    2    4   17
85   42   48   15
65   78   64   24
37   98   16   92
69   95   93   13
66   16   66   85
64   42   69   74
46    6   12   84
84   61   20   32
 6   78   55   22
60   29   68   65
86   45   11   41
54    9   32   94
99   86   80   56
42   17   62   23
 4   15   47   17
99   45   18   76
65   80   22   62
58   81    5   90
 2   14   56   30
61   62   25   21
17   92   92    2
82   79   76   99
57   87   55   46
36   28   84   59
83   62   77   33
84   52   57   23
86   94   14   46
 5   77   16   18
32   73   59   87
54   66   82    5
46   42   64   69
69   33   11    3
29   33   51   65
15   79   35   42
69   52   11   63
94    44    25    63
95    75    96    67
42    32    87     1

 34     9    47   53
 75    53    90   72
 62    79    60   16
 28    44    71   51
 93    28    34   79
 44    70    41   98
 11     9    63   41
 49    17    68   27
 30    27    46   92
  6    76    46   22
 10    53    45   86
 47    53   100   93
 42    61    76   77
 82    49    45   42
 75    23    21   77
 88    79    86   63
  3    33    11   83
 89    28     7   98
 16    85    18   57
 90    79    56   29
 43    37    64   31
 88    69    71   66
 55    41    66   35
 88     8    73   26
 86     7    11   25
 98    65    72   70
 71    35    29   48
 79    67     4    2
 81    25     5   75
  9    24    60   54
 87    41    61   91
 62    41    79   43
 63    91    58   52
 74    40    94   20
 82    89     1   11
 90    12    99   52
 35    98    87   34
 56    42    78   35
 49     1    13   83
 12    14    39   31
 31    95    10   59
 42    47    87   92
 16    44    60    5
 63    92    37   52
 78     4    17   79
 24    79    62   98
 83    85    56   42
  2    94    97   92
 77    63    59   78
 42    68    41   94
 42    11    67   42
 54    79    68   94
 92    94    39   75
 86     1    32    6
 82   100    47   83
 33    42    23   31
 75    58    90   18
 22    98    61   93
 81    43    99   15
 63    75    56   28
 72    76     4   36
 71    81    79   73
  7    71     5   35
100    12    89   52
 37    55    55   73
 35    62     1   20
55   49   98    71
22   38   28    75
11   99   62    31
74   66   35     6

19   53    69   79
61   40    85   94
95   96    76   47
76   13    19   61
28   26    20   80
40    3    69   74
67   67    96   83
60    2    43    7
79   66    69   90
98    4    72   93
17   28    68   21
65   42    27   11
39   20    50   97
 2   11    41   12
 2   72    62   64
25   49    30   99
17   30    51   56
37   17    19   23
 3   12    93   99
99   76    11   64
42   37    95   65
36    9    20    4
89   80    87   20
56   59    10   76
83   88    72   65
13   53    70   71
 2   61    60   39
50   34    74   46
17   81    51   71
78   95    46   25
31   72    71   22
33   87    30   87
80   80    97   49
50   85     7   44
89   32    87   28
25   88    59   55
41   54    27   43
 7   73    59   22
 4   35    32   26
 9   62    21   84
17    5    23   11
 6   44    63   99
81   67     1   51
 1   44    82   53
77   69    96   52
48    3    10   68
47   51    37   72
78   69    14    6
65   89     8   88
37   66    87   36
80   96    57   91
 2   71    73   35
68   97    92   77
53   99    62   61
85   91    38   66
50   40    35   88
67   81   100   48
58   87    61   90
95   23    51   42
60   37    67   98
76    3    37   13
55   21    28   78
43   48    62   18
40   23     4   43
17   51    81   87
 96    54    39   38
 33    66    31   40
 71    39    81   94
 18    14    71   76
100    39    22   49
 32    65    27   19
 98    88    67   62
 55    41    99   52
 78    15    65   62
  1    19    36   76
 42    36    58   80
 26    53     7   77
 24    84    71   86
  4    37     6   22
 68    82    86   21
 18    11    34   43
 23    77    48   52
 18    29    86   73
 19    96    23   85
 51    26    26   57
 14    58     7   85
 18    88    20   74
 94    92    46   41
 96    39    14   58
 45    10    74   10
 99    34    70   59
 43    45   100   22
 99   100    10   76
 30    85    60    4
 27    13    77   27
 87    66    18   34
 23    21    41   70
 97    97   100   86
 33    22     1   30
100    80    55   46
 31    58    32   69
 98    90    80   74
 75    80    90   39
 44    31    84   93
  2    28    23    2
 89    86    42    1
 73    24    81   35
 88    76    67   42
 51    10    22   15
 81    90    74   71
100    41    18   17
 98    66    14   76
 74     5    72   51
 53     6     5   51
 57    31    77   16
  6    69    85    9
 91    64    93   67
 47     9    44    2
 91    81    41   35
 23     9    97   94
 14    37    99   33
 43    68    47    5
 36    46    96   37
  5    32    71   56
 58    60    55    8
 77    42    20    4
 59    65     9   66
 20    33    66   94
 13    33    34   99
 56    25    43   78
 29    23    80   99
  5    73    47   92
 97    99    62   25
 43    90     3    8
 29    81    97   79
24   96   35    64
66   39   44    37
 1   37   39    16
93   59   61    73
88   40   53    28
43   51   55    57
34   75   86    75
55   41   75    76
55   85   38    92
88   74    3    23
27   91   54    32
42   90   75    76
72   30   23    99
23    3   81    14
95   33   80    95
73   70   87    75
65   86   38    85
43   70   41    89
 8   15   65    36
20   46   77    45
98   40   59    98
78   45    3    59
 8   45   51    71
48   13   62     8
17   32   28    91
53   38   31    12
94   10   27    23
18   65   74    56
92   30   34    86
 3   35   67    38
82   65    9    79
85   98   59   100
83   80   89    33
92   45   86    92
10   61   56    64
70   46   89    16
38   91    8    57
20   93   15    14
35   99   15    86
38    4   45    98
72    1   60    77
29   64   32     6
40   22   95     4
76   61   39   100
60   57   29    23
75   73   12    78
13    8   51    97
73   38   67    44
18    5    7    22
27   86   61    84
97   54   64    73
29   67   15    54
22   25   78    64
67   30   33    98
69   30    7    94
57   63   24    41
 9   34   79    93
10   31   37    50
66   46   64    94
45   50   83    29
 2    3   81    67
26   14   36    21
69   86   65    36
 7   69   22    40
 4   37   64     4
 2   40   12    58
94   16   41    62
81    5   13     5
47   76   68    27
43   53   76    32
26   65   44    66
45   20   70    30
 8   70   69    43
33   13   34    16
37   46   32    42
57   23   19    88
19   56    37    52
 4   27    38    98
11   12    32    91
52   65    70    66
80   95    48    49
41   68    70    30
33    7    65    64
16   37    46    40
87   76    19    44
50   86    82    73
59    8    87    32
87   92     4    81
43   10    66    36
52   26    17    44
13   81    77    36
92   38     8    65
18   45    34     6
20   89    41    32
94   25     5    29
 6   31    38    31
34   27    67    68
14   82     9    55
85   95    29    26
32   99     5    23
 5   75    28    87
 6   22    11    93
17    3    43    72
 7   44    44    40
45   83    83    69
10   83     6    92
52   36    43    86
62    2    82    14
45   87    77     6
94   71    18    37
82   73    38    60
97   46     1    25
66   82    20    19
37   80     8    97
15   26    71    32
73   65    80    18
 1   78    44    67
72   78    66    22
36   92    47    39
14   84    30    11
83   10    23    91
 4    7    29   100
38   13    23    46
54    3     6    10
62   96    62    25
66   49    43    91
73   96    21    51
82   13    78    68
51   24    91    16
13   77    51    87
78   36    52    69
84   36    53   100
83    9    20    72
77   76    48    44
 5   68    86    86
58   30    69    92
67   93    90    56
92   38    97    55
46   68   100    34
24   14    73    50
69   45    98    85
17   68    34    33
84   53    41     1
63   24    22    80
 6   74    55    47
64   18    29    83
 5     9    19   35
14    89    30   82
71    76    67   15
21    83    29   91
67   100    91   49
80    95   100    2
16    22    73    5
24    45    20   10
58    24    21   66
60    75    24   42
43    96    67   51
92    86    72   88
 4     4    23   68
19    49    36   68
90    58    32   67
78     4    87   80
93    75     2   32
56    34     1   97
92    95    80   99
71    18    87    5
39    94    69   55
38    31    81    6
32    44    23   28
97    27    89   10
14    40    60   80
84     3    87   65
89    70    98   38
34    61    72   16
34    49    58   32
58    10    41   58
56    56    75   55
47    57    74   55
15    20    44   42
27     7    64   90
96     4    17   28
67    91    52   87
77    80    34    8
39    57    60   92
67    62    73    4
78    72    57   36
90    86    14   19
77    77    89   43
51    79    50   19
 6    22    69   89
 3    31    82   82
79    19     8   91
 8    56    98   25
10    79    50   92
57    23    40   60
34     3    69   51
 1    70    65   79
25    26    19   64
49    67    26    8
34     4    84   32
87    73    57   32
 9     2    57   68
52    36    32   81
23    98    25   46
24    47    91    3
10    97    19   18
73    73    92   44
41    18    96   48
 8    58     7   60
27    95    56   34
30    94    10   40
69    77    54   86
25    85    38   54
82    48    72   18
90    67    78   87
93    42    78   99

 35    59   65    26
  5    87    7    13
 19    95   92    69
 34    67   99    93
 46    66   37     4
 85    18   57    27
 10    73   59    11
 42    96   53    21
 63    16   71    94
 76    80   85    61
 17     6   63    75
 74    15   90    48
  8   100   22    35
 62     5   60    25
 92    22   56   100
  4    80   57    29
 29     5   49    42
 80     8   73    98
 43    85   82    93
 67    93   57    32
 42    83   43    38
 18    77   38    68
 95    44   52    32
  9    20   61     1
 18    47    4    84
 93    88   40    34
 74    19   37    52
 52    38   18    61
 42   100   66     6
 78    51   48     5
 40    57   79    63
 46    16   78    41
 80    23   53    43
100    81   76    21
 80    69   75    44
 11    51   47    54
 20    37    3    18
  8    98   73    16
 47    18   53    55
 17    45   34    78
 74    95   10    34
 76    23    7    12
 65    19   60    91
 48    22   64     5
 68    10   33    65
 90    63   78    96
 42    38    2     8
 86    34   72    28
 68    49   54    36
 10    10   61    41
 42     4   60    89
 61     9   50    62
 37    19   46    33
 43    18   70    73
 85    69   95    39
 72    84   33    10
 64    54   91    10
  2    44   85    21
 35    89   34    75
 70    69   23    55
 81    67    9    88
 32    30   51    54
79   11    55    74
56   76    94    12
53   68     2    15
48   73    35    44
30   58    62    34
77   89     3    53
58   35    69    11
17   26    77    47

87    76    98    91
95    78    31    50
41     5    32     6
66    32    58     6
17    26    29    99
46    40    93    25
11    47    87    97
66    90    45     3
70   100    75    46
42     3    88    48
70    91    81    76
28    30    90    22
83     3    60     6
 1     6     6    28
71    17    54    46
30    80    25    93
 7    47    39     8
36    53    61    95
89   100   100    95
54    53    64     5
77    79    74    95
63    42     2    77
64    38    70     5
11    77    68   100
82    53    56    18
87    59    43    28
12    65    31     3
 8    32    52     1
10    68    29    52
52    43     5    53
76     3    92    36
43    46    86    97
99    43    59    18
81    47    53    67
63     9     3    38
97    27    75    48
15    31    54    19
87    64    47    12
80    82    63    40
19    39    70    31
38    70    93    53
12    39    64     2
43    61    43    80
38    67    78    60
 2    67    30    94
85    15    91    21
88    48     1    11
91    20    77    53
82    46    64    88
42    59    86     2
58    98     2    53
39    12    46    36
98    24    29    99
13    47    16    95
89    54    38    18
98    92    37    64
27     7    82    94
54    22    62    98
44    36    41    39
26    62    79     9
69    35    91    35
89    59   52    25
59     7   74    34
58    85   49    66
33    65    9    53
57    65   92    86
29    28   42    29
10   100   19   100
92    30   83    17
51    48   61    65
55    93   28    79
77    80   28    99
 1    16   36    39
44     9   39    27
85    78   49    15
90    49    4     9
54     1   75    56
75    24   27    49
 7    95   37     8
22    38   14     6
62    16   37    60
22    34   19    22
48    67   70    50
48    93   72    99
75    55   25    59
81    93   18    26
 4    39   59    72
68    49   43    18
19    97   35    10
36    68   72    26
62    92   35    88
57    66   48    88
26    78   36    88
87    83   64    13
99    77   49    14
92    21   11     1
25     5   91     3
16    35   74    36
32    13   63     5
15    23   51    39
84    39   32    98
 9    31    4    65
68     8   90     9
22    38   30    89
37     8   62     1
48    99   89    21
39    62   62     3
17   100   54    95
22    37   62    92
 4    30   21    70
22    17   30    73
87    69   75    65
23     9   12    15
50    96   20    48
74    35    4    58
37    54   16     5
46    97   42    32
28    54   39    77
29    12   98    71
39    56   71     7
39    27   89     2
91    60    4    11
19    50   86    53
57    74   53    90
36    62   31    72
85    70   77    50
12    10   26    89
25    73   24    48
92    87    8    14
50    74   28    10
85     5   54    43
73    94    1   27
14    22   67   85
38    72   36   92
13    19   15   49
80    88   10   29
92    69   57   78
 1    52   64   86
65    80   56   58
 3    62   15   43
28    24   45   99
10    68   46   37
82    17   48   56
99    87   97   38
51    28   95   69
22    59   96   14
44    24   77   87
77    40   41   51
 5    55   50    2
66     2   83   87
 4   100   59   90
58    88   38   12
19    46   11   32
37    68   26   31
44    47   39   41
32    20   83   92
33    55   96   72
39    36    6   70
22    57   53   83